tweet_id,retweet_count,favorite_count
892420643555336193,8376,38239
892177421306343426,6184,32783
891815181378084864,4092,24687
891689557279858688,8517,41568
891327558926688256,9222,39746
891087950875897856,3070,19951
890971913173991426,2035,11675
890729181411237888,18596,64541
890609185150312448,4208,27421
890240255349198849,7277,31468
890006608113172480,7226,30242
889880896479866881,4902,27403
889665388333682689,9912,47463
889638837579907072,4479,26794
889531135344209921,2209,14898
889278841981685760,5301,24912
888917238123831296,4431,28682
888804989199671297,4236,25214
888554962724278272,3499,19570
888078434458587136,3446,21463
887705289381826560,5315,29754
887517139158093824,11499,45649
887473957103951883,17923,68148
887343217045368832,10254,33213
887101392804085760,5880,30152
886983233522544640,7665,34686
886736880519319552,3234,11882
886680336477933568,4400,22133
886366144734445568,3153,20896
886267009285017600,4,116
886258384151887873,6191,27605
886054160059072513,105,0
885984800019947520,6700,32223
885528943205470208,6334,35499
885518971528720385,3708,20154
885311592912609280,18312,0
885167619883638784,4321,21630
884925521741709313,18053,76444
884876753390489601,5585,27542
884562892145688576,4685,23977
884441805382717440,5575,26630
884247878851493888,20182,72056
884162670584377345,2947,20089
883838122936631299,3402,21611
883482846933004288,9817,45315
883360690899218434,3628,22269
883117836046086144,6583,36695
882992080364220416,3867,23650
882762694511734784,4853,27942
882627270321602560,6003,27542
882268110199369728,11446,44370
882045870035918850,4906,28975
881906580714921986,3350,23992
881666595344535552,10527,49915
881633300179243008,7,124
881536004380872706,15740,48806
881268444196462592,5107,22786
880935762899988482,2749,16793
880872448815771648,3768,20997
880465832366813184,6201,28160
880221127280381952,4166,26720
880095782870896641,4305,27289
879862464715927552,3454,22034
879674319642796034,10,309
879492040517615616,3145,23122
879415818425184262,43677,104531
879376492567855104,3085,16564
879130579576475649,6747,0
879050749262655488,4667,22288
879008229531029506,2664,18746
878776093423087618,4080,19169
878604707211726852,7121,29895
878404777348136964,1275,0
878316110768087041,6583,0
878281511006478336,1275,7653
878057613040115712,6747,41512
877736472329191424,18880,78832
877611172832227328,80,0
877556246731214848,3770,22441
877316821321428993,5121,27037
877201837425926144,5526,26790
876838120628539392,3312,20428
876537666061221889,4579,23217
876484053909872640,2377,18537
876120275196170240,4652,27590
875747767867523072,4258,24892
875144289856114688,4884,21671
875097192612077568,5994,27104
875021211251597312,4680,25174
874680097055178752,4608,27521
874434818259525634,14636,0
874296783580663808,4082,25769
874057562936811520,3931,22405
874012996292530176,10350,34229
873580283840344065,3923,23962
873337748698140672,1580,0
873213775632977920,1580,7162
872967104147763200,5382,27109
872820683541237760,3681,14572
872620804844003328,3684,20591
872486979161796608,8973,40313
872261713294495745,6299,33902
872122724285648897,8102,34166
871879754684805121,11157,37681
871762521631449091,3470,20115
871515927908634625,3447,20072
871166179821445120,5698,0
871102520638267392,5501,20787
871032628920680449,3816,22515
870804317367881728,6209,33412
870726314365509632,3,119
870656317836468226,2650,12341
870374049280663552,26247,82272
870308999962521604,4162,21732
870063196459192321,8373,36507
869772420881756160,10063,42254
869702957897576449,6366,28139
869596645499047938,3142,15928
869227993411051520,3802,20374
868880397819494401,14575,65510
868639477480148993,2110,0
868622495443632128,5471,26833
868552278524837888,2110,10129
867900495410671616,4209,24178
867774946302451713,7399,34001
867421006826221569,2531,16120
867072653475098625,122,0
867051520902168576,7943,32264
866720684873056260,4864,20116
866686824827068416,3529,19367
866450705531457537,35680,122545
866334964761202691,14636,52750
866094527597207552,8480,0
865718153858494464,5685,25708
865359393868664832,5066,26581
865006731092295680,7791,28133
864873206498414592,8839,32447
864279568663928832,3088,14704
864197398364647424,9085,30330
863907417377173506,4212,20752
863553081350529029,4244,15398
863471782782697472,2499,0
863432100342583297,5354,23984
863427515083354112,99,2279
863079547188785154,1119,8829
863062471531167744,2499,8589
862831371563274240,5177,19321
862722525377298433,3595,17202
862457590147678208,5052,20716
862096992088072192,23769,75236
861383897657036800,10917,36412
861288531465048066,4243,17354
861005113778896900,3888,16886
860981674716409858,2207,0
860924035999428608,842,0
860563773140209665,2207,7584
860524505164394496,5397,23875
860276583193509888,3557,18508
860184849394610176,5970,16877
860177593139703809,31618,0
859924526012018688,4198,19786
859851578198683649,3598,15583
859607811541651456,1613,18824
859196978902773760,31018,91160
859074603037188101,13967,34351
858860390427611136,8371,0
858843525470990336,3570,15753
858471635011153920,4987,21801
858107933456039936,3004,15952
857989990357356544,2662,16356
857746408056729600,10970,34825
857393404942143489,1690,6004
857263160327368704,4661,20343
857214891891077121,18,232
857062103051644929,177,0
857029823797047296,4137,19267
856602993587888130,11053,0
856543823941562368,2979,16556
856526610513747968,1942,12055
856330835276025856,702,0
856288084350160898,17,527
856282028240666624,6543,28242
855862651834028034,28,352
855860136149123072,1069,5146
855857698524602368,2191,12081
855851453814013952,18345,46331
855818117272018944,5632,27144
855459453768019968,8533,30576
855245323840757760,6215,0
855138241867124737,48,0
854732716440526848,6362,23380
854482394044301312,7163,30041
854365224396361728,4888,19365
854120357044912130,7816,32772
854010172552949760,3297,16618
853760880890318849,6067,29359
853639147608842240,10610,35818
853299958564483072,3739,15955
852936405516943360,2109,0
852912242202992640,1929,9322
852672615818899456,2264,15362
852553447878664193,3695,16871
852311364735569921,10388,34144
852226086759018497,7149,20624
852189679701164033,1666,11826
851953902622658560,10151,0
851861385021730816,23,0
851591660324737024,3657,16735
851464819735769094,7455,25089
851224888060895234,6034,21376
850753642995093505,9800,32104
850380195714523136,2764,13518
850333567704068097,352,3550
850145622816686080,4048,16910
850019790995546112,5177,21199
849776966551130114,8038,31593
849668094696017920,5249,0
849412302885593088,3326,16464
849336543269576704,1997,11846
849051919805034497,9033,44103
848690551926992896,4578,26182
848324959059550208,4885,25715
848213670039564288,794,8482
848212111729840128,3262,16962
847978865427394560,3460,0
847971574464610304,457,0
847962785489326080,5415,24451
847842811428974592,1428,5702
847617282490613760,451,7295
847606175596138505,3608,19541
847251039262605312,4567,21292
847157206088847362,6225,20797
847116187444137987,3396,22313
846874817362120707,4181,20945
846514051647705089,12362,46572
846505985330044928,3295,14743
846153765933735936,9660,33081
846139713627017216,10512,32204
846042936437604353,3084,16675
845812042753855489,9330,30605
845677943972139009,5101,26217
845397057150107648,1935,7969
845306882940190720,5754,24356
845098359547420673,8180,0
844979544864018432,2756,14252
844973813909606400,3437,15804
844704788403113984,11053,40482
844580511645339650,3363,17230
844223788422217728,2347,14259
843981021012017153,3123,15817
843856843873095681,4949,22402
843604394117681152,2947,17684
843235543001513987,6479,22487
842846295480000512,3849,15929
842765311967449089,1363,7073
842535590457499648,3751,18962
842163532590374912,6215,25656
842115215311396866,3247,14685
841833993020538882,16451,0
841680585030541313,8311,26877
841439858740625411,3934,13250
841320156043304961,5824,20718
841314665196081154,5032,16603
841077006473256960,5698,24021
840761248237133825,1885,0
840728873075638272,17402,0
840698636975636481,2,188
840696689258311684,1053,12914
840632337062862849,1885,9416
840370681858686976,4895,17291
840268004936019968,6163,20256
839990271299457024,2471,14122
839549326359670784,8371,28940
839290600511926273,154,0
839239871831150596,7034,28603
838952994649550848,4276,20633
838921590096166913,2234,11753
838916489579200512,36,0
838831947270979586,11913,0
838561493054533637,1426,11487
838476387338051585,5195,23786
838201503651401729,10885,0
838150277551247360,354,1769
838085839343206401,0,149
838083903487373313,3397,18572
837820167694528512,8480,36021
837482249356513284,476,4040
837471256429613056,2477,13478
837366284874571778,5714,22267
837110210464448512,2589,16886
836989968035819520,2477,13414
836753516572119041,4981,20273
836677758902222849,2397,13292
836648853927522308,592,0
836397794269200385,29828,0
836380477523124226,3194,15515
836260088725786625,4632,22418
836001077879255040,4636,20160
835685285446955009,8824,0
835574547218894849,3915,18777
835536468978302976,1842,0
835309094223372289,22733,0
835297930240217089,3235,17317
835264098648616962,1842,8175
835246439529840640,78,2205
835172783151792128,6215,27594
835152434251116546,3261,23703
834931633769889797,1789,11444
834786237630337024,5925,22332
834574053763584002,2744,14466
834477809192075265,11556,0
834458053273591808,1813,10168
834209720923721728,5185,21774
834167344700198914,3934,16653
834089966724603904,2302,10611
834086379323871233,2404,13803
833863086058651648,2605,14167
833826103416520705,3728,16216
833732339549220864,234,0
833722901757046785,3478,21871
833479644947025920,2243,15707
833124694597443584,5249,21347
832998151111966721,2404,14060
832769181346996225,40,0
832757312314028032,3935,17793
832682457690300417,3187,12560
832645525019123713,563,3089
832636094638288896,3036,16783
832397543355072512,2414,12641
832369877331693569,3460,18145
832273440279240704,2529,11965
832215909146226688,6718,0
832215726631055365,10180,0
832088576586297345,2,70
832040443403784192,10559,0
832032802820481025,5049,18866
831939777352105988,6664,25404
831926988323639298,35,361
831911600680497154,7076,29273
831670449226514432,1971,11060
831650051525054464,2109,7603
831552930092285952,2489,9538
831322785565769729,1662,9733
831315979191906304,1213,6903
831309418084069378,2653,12419
831262627380748289,2230,12614
830956169170665475,1626,8450
830583320585068544,18312,70928
830173239259324417,6205,0
830097400375152640,3272,10415
829878982036299777,5457,0
829861396166877184,2130,12965
829501995190984704,11556,33686
829449946868879360,2205,11098
829374341691346946,10151,36725
829141528400556032,8074,26008
829011960981237760,17655,56237
828801551087042563,3704,0
828770345708580865,6401,27137
828708714936930305,12238,38870
828650029636317184,1469,10090
828409743546925057,1253,6678
828408677031882754,1400,8120
828381636999917570,2423,13403
828376505180889089,1158,7841
828372645993398273,3204,13299
828361771580813312,184,2328
828046555563323392,3120,12493
828011680017821696,2342,11008
827933404142436356,5699,21398
827653905312006145,3280,16390
827600520311402496,1034,7865
827324948884643840,3344,16881
827199976799354881,2449,11244
826958653328592898,5457,22926
826848821049180160,11156,38786
826615380357632002,4309,0
826598799820865537,277,5436
826598365270007810,2561,10714
826476773533745153,4580,19591
826240494070030336,2822,14113
826204788643753985,1018,5188
826115272272650244,3425,16681
825876512159186944,2042,11129
825829644528148480,2717,13558
825535076884762624,18783,55390
825147591692263424,4999,19485
825120256414846976,1404,0
825026590719483904,1404,6757
824796380199809024,6005,0
824775126675836928,3854,15932
824663926340194305,1898,10722
824325613288833024,11353,12542
824297048279236611,4229,16031
824025158776213504,646,5085
823939628516474880,2966,11352
823719002937630720,12289,0
823699002998870016,2648,13406
823581115634085888,2894,13900
823333489516937216,29,743
823322678127919110,4396,16770
823269594223824897,10787,0
822975315408461824,3766,18434
822872901745569793,48021,141101
822859134160621569,2496,14092
822647212903690241,7040,0
822610361945911296,3242,15746
822489057087389700,7040,19358
822462944365645825,16069,30401
822244816520155136,10787,37374
822163064745328640,5267,0
821886076407029760,2567,12127
821813639212650496,3659,0
821765923262631936,1824,8998
821522889702862852,1937,8565
821421320206483457,6137,0
821407182352777218,4771,12575
821153421864615936,10,271
821149554670182400,2207,9316
821107785811234820,2334,10245
821044531881721856,2511,13528
820837357901512704,7341,0
820749716845686786,10885,33695
820690176645140481,3542,13034
820494788566847489,623,0
820446719150292993,2836,0
820314633777061888,623,3564
820078625395449857,6893,21186
820013781606658049,1302,0
819952236453363712,1302,5684
819924195358416896,5313,13752
819711362133872643,3446,14392
819588359383371776,2159,10223
819347104292290561,1325,7724
819238181065359361,444,2441
819227688460238848,7341,24687
819015337530290176,40269,0
819015331746349057,20755,0
819006400881917954,20755,48261
819004803107983360,40269,92383
818646164899774465,22918,0
818627210458333184,8178,23743
818614493328580609,2839,10553
818588835076603904,6745,0
818536468981415936,2724,11672
818307523543449600,8931,0
818259473185828864,2518,11803
818145370475810820,2857,13154
817908911860748288,866,5185
817827839487737858,29828,55507
817777686764523521,2938,11458
817536400337801217,3337,12631
817502432452313088,3723,0
817423860136083457,16451,36651
817415592588222464,1060,6017
817181837579653120,9352,0
817171292965273600,2211,9339
817120970343411712,2883,13030
817056546584727552,1818,9182
816829038950027264,5191,0
816816676327063552,2239,10706
816697700272001025,2433,10507
816450570814898180,8931,32760
816336735214911488,2151,9213
816091915477250048,2370,9571
816062466425819140,1146,0
816014286006976512,5846,0
815990720817401858,1146,5359
815966073409433600,9352,24050
815745968457060357,4553,0
815736392542261248,2503,10545
815639385530101762,1812,8814
815390420867969024,4192,11101
814986499976527872,1424,8186
814638523311648768,2982,12095
814578408554463233,6396,0
814530161257443328,2041,9293
814153002265309185,9574,30841
813944609378369540,3526,0
813910438903693312,2073,9974
813812741911748608,15430,38974
813800681631023104,1936,8962
813217897535406080,8040,20053
813202720496779264,1979,9857
813187593374461952,4810,21287
813172488309972993,2109,10021
813157409116065792,2445,8325
813142292504645637,2598,9038
813130366689148928,488,4793
813127251579564032,3448,12734
813112105746448384,3037,11093
813096984823349248,3974,11296
813081950185472002,3052,10605
813066809284972545,2146,8550
813051746834595840,8083,22510
812781120811126785,2105,8137
812747805718642688,7645,0
812709060537683968,1572,7120
812503143955202048,1350,6530
812466873996607488,2121,8589
812372279581671427,4039,14718
811985624773361665,1546,7797
811744202451197953,1778,8112
811647686436880384,820,5998
811627233043480576,3455,13755
811386762094317568,7054,22456
810984652412424192,1581,5729
810896069567610880,1973,9726
810657578271330305,2917,11781
810284430598270976,12593,38101
810254108431155201,3704,15786
809920764300447744,4309,16645
809808892968534016,5412,0
809448704142938112,1620,7447
809220051211603969,6205,21434
809084759137812480,3867,14208
808838249661788160,3359,10855
808733504066486276,2391,8505
808501579447930884,2873,12134
808344865868283904,22918,45711
808134635716833280,6573,0
808106460588765185,2423,9370
808001312164028416,3902,13527
807621403335917568,4067,15661
807106840509214720,61365,127730
807059379405148160,8098,0
807010152071229440,4224,14014
806629075125202948,38504,80814
806620845233815552,6099,0
806576416489959424,2121,5209
806542213899489280,2615,10990
806242860592926720,12918,0
806219024703037440,1319,6910
805958939288408065,5943,0
805932879469572096,2111,8895
805826884734976000,2022,7084
805823200554876929,8890,0
805520635690676224,1820,6169
805487436403003392,2799,9429
805207613751304193,1885,8391
804738756058218496,4255,14787
804475857670639616,2220,6614
804413760345620481,3560,0
804026241225523202,17924,48024
803773340896923648,3059,10814
803692223237865472,8204,0
803638050916102144,4573,11821
803380650405482500,2054,8346
803321560782307329,5878,0
803276597545603072,2732,10788
802952499103731712,2220,9721
802624713319034886,3238,0
802600418706604034,1626,7662
802572683846291456,2766,9621
802323869084381190,6458,17498
802265048156610565,1507,7110
802239329049477120,2878,9783
802185808107208704,294,0
801958328846974976,1886,8315
801854953262350336,259,1893
801538201127157760,2275,8831
801285448605831168,919,6527
801167903437357056,6573,26389
801127390143516673,4393,0
801115127852503040,2313,8712
800859414831898624,107,743
800855607700029440,1804,0
800751577355128832,3070,11303
800513324630806528,3327,14144
800459316964663297,2392,10192
800443802682937345,4772,0
800388270626521089,3102,12014
800188575492947969,4355,0
800141422401830912,2836,16485
800018252395122689,14571,30578
799774291445383169,5185,0
799757965289017345,2393,9061
799422933579902976,2118,8664
799308762079035393,6123,0
799297110730567681,3066,10683
799063482566066176,2726,8730
798933969379225600,4956,14187
798925684722855936,1590,8007
798705661114773508,7305,0
798701998996647937,8635,0
798697898615730177,7198,0
798694562394996736,5486,0
798686750113755136,2574,0
798682547630837760,5225,0
798673117451325440,6136,0
798665375516884993,4302,0
798644042770751489,2047,0
798628517273620480,2174,0
798585098161549313,6309,0
798576900688019456,6489,0
798340744599797760,3719,0
798209839306514432,2831,11190
797971864723324932,3472,12561
797545162159308800,5374,15624
797236660651966464,7338,21561
797165961484890113,29,248
796904159865868288,9835,0
796865951799083009,2106,8277
796759840936919040,3381,12793
796563435802726400,8076,0
796484825502875648,1949,8165
796387464403357696,4610,11862
796177847564038144,15834,0
796149749086875649,15834,34877
796125600683540480,1973,5319
796116448414461957,2680,9798
796080075804475393,2569,9118
796031486298386433,4078,11641
795464331001561088,26360,53712
795400264262053889,3170,10891
795076730285391872,6005,17500
794983741416415232,3729,0
794926597468000259,2557,11082
794355576146903043,11373,0
794332329137291264,2929,10316
794205286408003585,3658,9903
793962221541933056,5412,18143
793845145112371200,2077,9913
793614319594401792,3449,0
793601777308463104,1812,8597
793500921481273345,2636,11523
793286476301799424,10180,26542
793271401113350145,2619,9316
793256262322548741,9225,21535
793241302385262592,3626,11340
793226087023144960,3166,10612
793210959003287553,3114,9628
793195938047070209,6222,16456
793180763617361921,2201,7452
793165685325201412,3082,10132
793150605191548928,1888,6644
793135492858580992,2764,6966
793120401413079041,4328,13687
792913359805018113,4441,15450
792883833364439040,4729,12203
792773781206999040,1860,7916
792394556390137856,4743,14515
792050063153438720,1987,7737
791821351946420224,23249,0
791784077045166082,10658,0
791780927877898241,4203,0
791774931465953280,24537,48654
791672322847637504,3449,12669
791406955684368384,4553,14149
791312159183634433,2813,9465
791026214425268224,4554,0
790987426131050500,2363,10663
790946055508652032,5191,17897
790723298204217344,2562,0
790698755171364864,2105,8831
790581949425475584,7936,22279
790337589677002753,2063,8432
790277117346975746,3526,13507
790227638568808452,3949,0
789986466051088384,2562,9965
789960241177853952,4584,0
789903600034189313,4561,11206
789628658055020548,1970,8100
789599242079838210,2141,7295
789530877013393408,3729,12677
789314372632018944,2549,9264
789280767834746880,5468,0
789268448748703744,2849,9813
789137962068021249,3089,10451
788908386943430656,13683,29503
788765914992902144,11373,29539
788552643979468800,7952,0
788412144018661376,5858,16798
788178268662984705,2338,7795
788150585577050112,1439,6632
788070120937619456,3777,0
788039637453406209,1464,6616
787810552592695296,3368,9350
787717603741622272,3076,10997
787397959788929025,3130,11673
787322443945877504,1923,8392
787111942498508800,7403,0
786963064373534720,8824,28607
786729988674449408,2664,0
786709082849828864,6718,19564
786664955043049472,2831,11483
786595970293370880,3417,10121
786363235746385920,3871,11739
786286427768250368,3158,8583
786233965241827333,5267,16475
786051337297522688,169,1550
786036967502913536,7792,0
785927819176054784,3486,12222
785872687017132033,2017,7187
785639753186217984,2450,8401
785533386513321988,2214,9800
785515384317313025,1386,6548
785264754247995392,1804,7802
785170936622350336,5360,13022
784826020293709826,3560,10897
784517518371221505,2793,9653
784431430411685888,1414,6123
784183165795655680,8890,21619
784057939640352768,12289,32137
783839966405230592,11913,32285
783821107061198850,2163,7915
783695101801398276,3550,11230
783466772167098368,2481,9077
783391753726550016,6071,18127
783347506784731136,6169,0
783334639985389568,12918,31400
783085703974514689,2445,8749
782969140009107456,8098,25904
782747134529531904,1537,8024
782722598790725632,5943,18539
782598640137187329,2061,8349
782305867769217024,6137,17901
782021823840026624,6867,0
781955203444699136,3699,11932
781661882474196992,2980,11218
781655249211752448,1236,4297
781524693396357120,6099,22281
781308096455073793,2797,7652
781251288990355457,2311,9061
781163403222056960,3003,10484
780931614150983680,8076,23213
780858289093574656,2193,7724
780800785462489090,1428,5922
780601303617732608,3659,12965
780543529827336192,1907,6760
780496263422808064,4080,0
780476555013349377,128,0
780459368902959104,1175,5674
780192070812196864,2459,9343
780092040432480260,2526,0
780074436359819264,5496,13147
779834332596887552,7792,20378
779377524342161408,3420,9462
779124354206535695,20241,0
779123168116150273,3997,12662
779056095788752897,4966,15875
778990705243029504,7995,21502
778774459159379968,10946,0
778764940568104960,403,920
778748913645780993,1466,7404
778650543019483137,1639,6195
778624900596654080,1114,4995
778408200802557953,4776,14628
778396591732486144,13451,0
778383385161035776,1211,6252
778286810187399168,3634,11147
778039087836069888,2890,9092
778027034220126208,1780,7027
777953400541634568,3869,0
777885040357281792,1808,6814
777684233540206592,3238,12040
777641927919427584,4665,0
777621514455814149,2735,9404
777189768882946048,4754,15333
776819012571455488,15092,0
776813020089548800,1327,5227
776477788987613185,3077,9483
776249906839351296,10047,0
776218204058357768,17520,32144
776201521193218049,2766,10278
776113305656188928,4772,12586
776088319444877312,166,1967
775898661951791106,18018,0
775842724423557120,2939,12548
775733305207554048,4393,14816
775729183532220416,5009,13833
775364825476165632,3261,7963
775350846108426240,4284,10864
775085132600442880,5185,16639
774757898236878852,1939,9135
774639387460112384,1905,7192
774314403806253056,6123,23293
773985732834758656,4253,11496
773922284943896577,1897,6842
773704687002451968,1794,7069
773670353721753600,1419,5689
773547596996571136,6745,23608
773336787167145985,5574,0
773308824254029826,8180,24847
773247561583001600,3513,10076
773191612633579521,4500,10683
772877495989305348,4236,9174
772826264096874500,2545,8530
772615324260794368,3692,0
772581559778025472,1846,6923
772193107915964416,1512,6418
772152991789019136,1227,4042
772117678702071809,804,4009
772114945936949249,516,2898
772102971039580160,1011,4287
771908950375665664,2076,7034
771770456517009408,3719,12828
771500966810099713,2870,8844
771380798096281600,5574,11248
771171053431250945,8275,0
771136648247640064,3201,9822
771102124360998913,1567,6658
771014301343748096,1808,7345
771004394259247104,240,0
770787852854652928,1335,5305
770772759874076672,1544,5555
770655142660169732,1899,7821
770414278348247044,2252,6720
770293558247038976,1628,6664
770093767776997377,3318,0
770069151037685760,2517,8102
769940425801170949,10559,33615
769695466921623552,1813,6822
769335591808995329,8397,0
769212283578875904,1871,5759
768970937022709760,7144,15393
768909767477751808,2952,0
768855141948723200,970,4481
768609597686943744,1326,4394
768596291618299904,1392,5361
768554158521745409,6358,0
768473857036525572,3740,14550
768193404517830656,3869,11642
767884188863397888,1534,5071
767754930266464257,5878,17123
767500508068192258,2546,7996
767191397493538821,4157,13104
767122157629476866,3112,10804
766864461642756096,6178,0
766793450729734144,1481,5422
766714921925144576,422,2783
766693177336135680,862,4312
766423258543644672,1741,6430
766313316352462849,2054,7241
766078092750233600,2833,0
766069199026450432,943,4576
766008592277377025,537,3995
765719909049503744,2349,7729
765669560888528897,1329,5545
765395769549590528,3700,28151
765371061932261376,2351,7572
765222098633691136,3692,12393
764857477905154048,1930,6852
764259802650378240,1657,6458
763956972077010945,59,789
763837565564780549,4554,13466
763183847194451968,1607,5761
763167063695355904,3291,0
763103485927849985,2485,7847
762699858130116608,3949,12971
762471784394268675,7059,12027
762464539388485633,4584,11017
762316489655476224,1230,5134
762035686371364864,16988,34125
761976711479193600,2199,5758
761750502866649088,4297,0
761745352076779520,937,4533
761672994376806400,31618,52785
761599872357261312,1281,4399
761371037149827077,19539,0
761334018830917632,1581,5549
761292947749015552,1198,4758
761227390836215808,1695,5666
761004547850530816,3777,12039
760893934457552897,1059,4074
760656994973933572,2097,7042
760641137271070720,1405,5273
760539183865880579,3945,8066
760521673607086080,1520,4502
760290219849637889,12495,28546
760252756032651264,942,4194
760190180481531904,1971,6077
760153949710192640,34,0
759943073749200896,2276,6321
759923798737051648,6178,15629
759846353224826880,2155,7161
759793422261743616,2068,6345
759566828574212096,22987,0
759557299618865152,1272,5007
759447681597108224,2664,9034
759446261539934208,530,1778
759197388317847553,2115,6450
759159934323924993,1270,0
759099523532779520,4540,15481
759047813560868866,2191,6937
758854675097526272,971,3778
758828659922702336,4167,11896
758740312047005698,1745,6091
758474966123810816,1078,4068
758467244762497024,2423,5110
758405701903519748,2097,5530
758355060040593408,1181,3659
758099635764359168,10946,20433
758041019896193024,407,2878
757741869644341248,3541,7326
757729163776290825,8806,0
757725642876129280,1323,4831
757611664640446465,1213,4846
757597904299253760,317,0
757596066325864448,1150,4617
757400162377592832,7424,16109
757393109802180609,1899,6208
757354760399941633,1547,4802
756998049151549440,2158,6663
756939218950160384,2181,7074
756651752796094464,1428,5396
756526248105566208,3927,11063
756303284449767430,1179,4200
756288534030475264,18996,45480
756275833623502848,1653,6846
755955933503782912,3141,7809
755206590534418437,5843,17489
755110668769038337,12028,22573
754874841593970688,8707,0
754856583969079297,2746,7313
754747087846248448,568,2740
754482103782404096,2117,5648
754449512966619136,797,3977
754120377874386944,2539,8322
753655901052166144,2363,6216
753420520834629632,3870,8416
753398408988139520,2082,6152
753375668877008896,2526,8113
753298634498793472,6260,0
753294487569522689,1127,3614
753039830821511168,22733,39421
753026973505581056,1057,4135
752932432744185856,7403,13398
752917284578922496,1709,7318
752701944171524096,3135,0
752682090207055872,1743,6362
752660715232722944,1714,4685
752568224206688256,2479,5880
752519690950500352,3739,7838
752334515931054080,1192,4056
752309394570878976,18104,0
752173152931807232,2005,6318
751950017322246144,1011,3269
751937170840121344,1460,5538
751830394383790080,2123,6153
751793661361422336,3161,6218
751598357617971201,3298,8384
751583847268179968,1211,4682
751538714308972544,1378,5344
751456908746354688,1082,3393
751251247299190784,6364,13261
751205363882532864,1981,6695
751132876104687617,1413,5395
750868782890057730,1506,5073
750719632563142656,5468,14012
750506206503038976,1246,4709
750429297815552001,4665,13981
750383411068534784,1229,4821
750381685133418496,32,732
750147208377409536,1048,3281
750132105863102464,1376,3852
750117059602808832,1408,4594
750101899009982464,911,3228
750086836815486976,591,2304
750071704093859840,3617,8347
750056684286914561,971,3328
750041628174217216,672,3368
750026558547456000,856,2880
750011400160841729,985,3441
749996283729883136,875,3217
749981277374128128,2653,5423
749774190421639168,1417,4925
749417653287129088,1806,6465
749403093750648834,591,2789
749395845976588288,3753,9124
749317047558017024,2400,5813
749075273010798592,2237,6113
749064354620928000,1631,5074
749036806121881602,843,3283
748977405889503236,3676,11344
748932637671223296,2447,6193
748705597323898880,1025,2927
748699167502000129,1729,5015
748692773788876800,1439,4493
748575535303884801,2155,6426
748568946752774144,727,2307
748346686624440324,1340,5535
748337862848962560,4459,8148
748324050481647620,829,3920
748307329658011649,772,3878
748220828303695873,8409,14956
747963614829678593,2319,6119
747933425676525569,2759,7009
747885874273214464,1064,3123
747844099428986880,811,2968
747816857231626240,1254,5135
747651430853525504,170,1458
747648653817413632,6312,13638
747600769478692864,592,2452
747594051852075008,1135,3907
747512671126323200,1712,5872
747461612269887489,1115,4090
747439450712596480,2075,5735
747242308580548608,3107,0
747219827526344708,1708,5578
747204161125646336,993,3574
747103485104099331,4307,10124
746906459439529985,318,3052
746872823977771008,2316,6337
746818907684614144,1858,5601
746790600704425984,1712,5158
746757706116112384,4203,10106
746726898085036033,1930,6386
746542875601690625,2010,5322
746521445350707200,1058,0
746507379341139972,1166,4896
746369468511756288,1772,6518
746131877086527488,2372,7299
746056683365994496,878,3753
745789745784041472,1148,4259
745712589599014916,2501,7384
745433870967832576,2734,7498
745422732645535745,2617,9053
745314880350101504,2986,7571
745074613265149952,3800,8275
745057283344719872,2450,7640
744995568523612160,671,3143
744971049620602880,2899,8328
744709971296780288,1675,5908
744334592493166593,2302,7145
744234799360020481,84190,165020
744223424764059648,401,1788
743980027717509120,1169,4386
743895849529389061,1029,3842
743835915802583040,2250,0
743609206067040256,1483,4729
743595368194129920,7066,19498
743545585370791937,1005,3715
743510151680958465,3969,8335
743253157753532416,1307,4469
743222593470234624,2050,6545
743210557239623680,1464,4049
742534281772302336,3820,7429
742528092657332225,2143,4678
742465774154047488,4178,7661
742423170473463808,4080,10380
742385895052087300,2140,7168
742161199639494656,1473,4572
742150209887731712,1673,5418
741793263812808706,1623,4808
741743634094141440,2972,8626
741438259667034112,896,3872
741303864243200000,3479,9249
741099773336379392,5959,10594
741067306818797568,3318,9961
740995100998766593,2973,6741
740711788199743490,1002,3590
740699697422163968,842,2983
740676976021798912,7305,19130
740373189193256964,14288,36647
740365076218183684,470,2610
740359016048689152,917,3476
740214038584557568,2110,7051
739979191639244800,6358,21034
739932936087216128,1157,4273
739844404073074688,916,3993
739623569819336705,1456,4011
739606147276148736,1779,5676
739544079319588864,22987,41814
739485634323156992,3161,7580
739238157791694849,62356,122010
738891149612572673,6,113
738885046782832640,1223,3968
738883359779196928,871,3521
738537504001953792,1673,5367
738402415918125056,908,3436
738184450748633089,1298,4536
738166403467907072,3656,9275
738156290900254721,704,2674
737826014890496000,1890,5548
737800304142471168,3715,10513
737678689543020544,1431,5310
737445876994609152,4790,10847
737322739594330112,870,3802
737310737551491075,7948,15458
736736130620620800,1863,4548
736392552031657984,7952,18692
736365877722001409,1345,4198
736225175608430592,2970,8558
736010884653420544,3193,8320
735991953473572864,1231,3787
735648611367784448,1178,4223
735635087207878657,2524,6505
735274964362878976,5443,13675
735256018284875776,950,3512
735137028879360001,1038,3298
734912297295085568,552,2880
734787690684657664,6758,13206
734776360183431168,583,2641
734559631394082816,423,1572
733828123016450049,831,3787
733822306246479872,1080,3860
733482008106668032,1017,3312
733460102733135873,1370,4428
733109485275860992,18018,51725
732732193018155009,575,2573
732726085725589504,949,3711
732585889486888962,823,3874
732375214819057664,2703,8511
732005617171337216,5846,15720
731285275100512256,1054,3665
731156023742988288,1359,4033
730924654643314689,2119,6441
730573383004487680,2308,5168
730427201120833536,1113,3645
730211855403241472,1132,4021
730196704625098752,2050,5137
729854734790754305,1204,4239
729838605770891264,410,1795
729823566028484608,1327,4190
729463711119904772,2467,6109
729113531270991872,350,1983
728986383096946689,879,3323
728760639972315136,1822,4910
728751179681943552,725,2920
728653952833728512,1112,3480
728409960103686147,2147,5163
728387165835677696,1023,3852
728046963732717569,1259,4527
728035342121635841,1786,4775
728015554473250816,1168,4306
727685679342333952,683,3088
727644517743104000,1868,6196
727524757080539137,1307,4694
727314416056803329,803,3488
727286334147182592,871,3200
727175381690781696,1469,4067
727155742655025152,1413,3819
726935089318363137,2622,7230
726887082820554753,1609,4026
726828223124897792,1078,3729
726224900189511680,1231,4635
725842289046749185,2833,7405
725786712245440512,1451,4369
725729321944506368,1901,5445
725458796924002305,665,1476
724983749226668032,1390,3889
724771698126512129,688,2487
724405726123311104,1760,5568
724049859469295616,1889,4536
724046343203856385,596,2797
724004602748780546,1683,4393
723912936180330496,1307,4084
723688335806480385,3190,8095
723673163800948736,952,3173
723179728551723008,2006,5561
722974582966214656,1681,4319
722613351520608256,1745,5202
721503162398597120,2000,4888
721001180231503872,656,2654
720785406564900865,825,3267
720775346191278080,724,2600
720415127506415616,1593,4329
720389942216527872,2687,6724
720340705894408192,1040,3010
720059472081784833,1205,4077
720043174954147842,2145,5137
719991154352222208,1863,5065
719704490224398336,1551,4791
719551379208073216,2060,5303
719367763014393856,788,2931
719339463458033665,1336,4636
719332531645071360,1020,3583
718971898235854848,1172,3662
718939241951195136,1879,5494
718631497683582976,8635,19817
718613305783398402,514,2563
718540630683709445,1079,2612
718460005985447936,564,2831
718454725339934721,1607,5101
718246886998687744,534,2029
718234618122661888,1071,4067
717841801130979328,633,2569
717790033953034240,1206,3032
717537687239008257,1970,6034
717428917016076293,486,1685
717421804990701568,901,3305
717047459982213120,2036,6571
717009362452090881,1041,3434
716802964044845056,1256,4484
716791146589110272,1531,6263
716730379797970944,455,1291
716447146686459905,6295,13749
716439118184652801,229,2480
716285507865542656,1160,2914
716080869887381504,1859,5129
715928423106027520,933,3347
715758151270801409,1516,3922
715733265223708672,1805,4903
715704790270025728,605,2936
715696743237730304,1377,4099
715680795826982913,1731,4542
715360349751484417,1682,5741
715342466308784130,729,3175
715220193576927233,698,2532
715200624753819648,2015,5376
715009755312439296,1323,4372
714982300363173890,1108,3941
714962719905021952,4561,7714
714957620017307648,1515,4345
714631576617938945,1071,3431
714606013974974464,990,3804
714485234495041536,1238,2844
714258258790387713,764,3158
714251586676113411,900,3433
714214115368108032,939,2381
714141408463036416,1499,4521
713919462244790272,829,3439
713909862279876608,580,2011
713900603437621249,794,2973
713761197720473600,1475,5123
713411074226274305,1381,4630
713177543487135744,3022,7558
713175907180089344,1558,4687
712809025985978368,7198,19532
712717840512598017,5351,12973
712668654853337088,1300,4366
712438159032893441,1673,5590
712309440758808576,25,257
712097430750289920,1106,3991
712092745624633345,961,3090
712085617388212225,518,3408
712065007010385924,667,2380
711998809858043904,134,0
711968124745228288,2467,8465
711743778164514816,1054,2989
711732680602345472,4402,9343
711694788429553666,19539,34462
711652651650457602,980,4059
711363825979756544,1210,3842
711306686208872448,782,3478
711008018775851008,663,3147
710997087345876993,1491,4782
710844581445812225,738,2675
710833117892898816,576,2823
710658690886586372,605,2425
710609963652087808,2512,5038
710588934686908417,2004,4785
710296729921429505,787,2487
710283270106132480,551,2242
710272297844797440,1347,4751
710269109699739648,1207,2523
710153181850935296,959,3052
710140971284037632,958,2906
710117014656950272,2125,5776
709918798883774466,1141,3134
709901256215666688,105,709
709852847387627521,1277,3681
709566166965075968,1291,3723
709556954897764353,1138,3452
709519240576036864,256,1563
709449600415961088,630,2339
709409458133323776,740,2749
709225125749587968,610,2524
709207347839836162,6250,13248
709198395643068416,685,2538
709179584944730112,722,2119
709158332880297985,450,2145
709042156699303936,1757,4997
708853462201716736,703,1889
708845821941387268,957,3127
708834316713893888,540,1782
708810915978854401,7445,17334
708738143638450176,873,2882
708711088997666817,779,2683
708479650088034305,722,2679
708469915515297792,879,3245
708400866336894977,10837,16827
708356463048204288,1433,3802
708349470027751425,790,2471
708149363256774660,1649,4492
708130923141795840,892,3557
708119489313951744,1048,2822
708109389455101952,579,2028
708026248782585858,2048,4593
707995814724026368,1204,3285
707983188426153984,2,51
707969809498152960,1038,2835
707776935007539200,1013,3449
707741517457260545,653,2624
707738799544082433,2644,4301
707693576495472641,1074,3618
707629649552134146,941,2716
707610948723478529,6867,17842
707420581654872064,740,2395
707411934438625280,642,2400
707387676719185920,1395,3687
707377100785885184,1156,3453
707315916783140866,686,2601
707297311098011648,852,2906
707059547140169728,727,2709
707038192327901184,852,2312
707021089608753152,1467,4279
707014260413456384,642,2427
706904523814649856,8397,15342
706901761596989440,642,2180
706681918348251136,1037,3496
706644897839910912,1173,2715
706593038911545345,670,2275
706538006853918722,1513,3641
706516534877929472,1110,3260
706346369204748288,987,3625
706310011488698368,8556,22551
706291001778950144,500,1791
706265994973601792,983,2872
706169069255446529,2383,4104
706166467411222528,1724,5425
706153300320784384,414,1572
705975130514706432,789,3263
705970349788291072,955,3302
705898680587526145,598,2501
705786532653883392,564,2054
705591895322394625,1233,3339
705475953783398401,991,3114
705442520700944385,1761,4688
705428427625635840,1814,4028
705239209544720384,808,3158
705223444686888960,865,2719
705102439679201280,548,2266
705066031337840642,648,2290
704871453724954624,1193,4492
704859558691414016,585,2375
704847917308362754,1642,5385
704819833553219584,1072,2774
704761120771465216,3107,6990
704499785726889984,1073,3098
704491224099647488,89,809
704480331685040129,1134,3581
704364645503647744,3813,8458
704347321748819968,376,1675
704134088924532736,501,1592
704113298707505153,605,1960
704054845121142784,983,3072
703774238772166656,500,1945
703769065844768768,1217,3471
703631701117943808,742,2734
703611486317502464,1626,4062
703425003149250560,1481,4003
703407252292673536,747,2588
703382836347330562,1222,3692
703356393781329922,416,2020
703268521220972544,586,2073
703079050210877440,3323,7782
703041949650034688,13451,27806
702932127499816960,774,2734
702899151802126337,483,1698
702684942141153280,1159,3391
702671118226825216,602,2310
702598099714314240,3507,10903
702539513671897089,1026,3029
702332542343577600,1667,3365
702321140488925184,1105,3458
702276748847800320,818,2610
702217446468493312,1437,5071
701981390485725185,1063,3627
701952816642965504,1096,4014
701889187134500865,1473,3754
701805642395348998,1822,3619
701601587219795968,490,2198
701570477911896070,1003,2971
701545186879471618,659,2805
701214700881756160,5486,12878
700890391244103680,617,2338
700864154249383937,658,2734
700847567345688576,537,2561
700796979434098688,1032,2570
700747788515020802,10047,24070
700518061187723268,857,2785
700505138482569216,613,2402
700462010979500032,1932,4368
700167517596164096,800,2797
700151421916807169,709,2362
700143752053182464,2952,7943
700062718104104960,745,2791
700029284593901568,627,2183
700002074055016451,1445,3490
699801817392291840,1030,3222
699788877217865730,531,2367
699779630832685056,1331,2925
699775878809702401,651,2067
699691744225525762,4926,10813
699446877801091073,2804,6256
699434518667751424,545,2286
699423671849451520,354,1446
699413908797464576,664,2180
699370870310113280,472,1985
699323444782047232,925,3327
699088579889332224,675,2356
699079609774645248,705,2583
699072405256409088,1271,3166
699060279947165696,1937,3989
699036661657767936,1282,2752
698989035503689728,1059,3564
698953797952008193,970,2854
698907974262222848,666,2678
698710712454139905,732,2605
698703483621523456,406,1530
698635131305795584,365,1354
698549713696649216,662,2447
698355670425473025,485,1974
698342080612007937,1015,2385
698262614669991936,2154,5009
698195409219559425,6396,17674
698178924120031232,791,2952
697995514407682048,359,1612
697990423684476929,1387,3469
697943111201378304,741,2538
697881462549430272,1274,3181
697630435728322560,576,1846
697616773278015490,1084,3338
697596423848730625,1352,3204
697575480820686848,540,2151
697516214579523584,1216,2188
697482927769255936,722,2554
697463031882764288,1476,3599
697270446429966336,1993,4927
697259378236399616,1068,3465
697255105972801536,1243,3180
697242256848379904,714,2653
696900204696625153,1100,3366
696894894812565505,727,2471
696886256886657024,1924,5099
696877980375769088,761,2574
696754882863349760,383,1553
696744641916489729,1009,2178
696713835009417216,692,2504
696518437233913856,1817,4099
696490539101908992,156,1289
696488710901260288,1108,2682
696405997980676096,1218,3392
696100768806522880,713,2044
695816827381944320,1249,3166
695794761660297217,842,3363
695767669421768709,799,1976
695629776980148225,2249,4816
695446424020918272,1942,4600
695409464418041856,3826,9098
695314793360662529,1581,3843
695095422348574720,659,2790
695074328191332352,1185,3000
695064344191721472,643,1695
695051054296211456,844,2814
694925794720792577,980,2836
694905863685980160,1003,2906
694669722378485760,15515,37671
694356675654983680,312,1589
694352839993344000,667,2148
694342028726001664,524,1661
694329668942569472,537,2116
694206574471057408,2174,4414
694183373896572928,997,3100
694001791655137281,1110,3579
693993230313091072,434,1971
693942351086120961,397,1824
693647888581312512,637,2846
693644216740769793,137,1419
693642232151285760,447,2676
693629975228977152,856,2585
693622659251335168,398,1628
693590843962331137,2117,5341
693582294167244802,273,1732
693486665285931008,675,1876
693280720173801472,1330,3546
693267061318012928,879,2522
693262851218264065,538,2354
693231807727280129,787,3023
693155686491000832,3434,8323
693109034023534592,659,1811
693095443459342336,498,1980
692919143163629568,800,2822
692905862751522816,943,2570
692901601640583168,652,1884
692894228850999298,867,2408
692828166163931137,945,3035
692752401762250755,3895,7199
692568918515392513,1653,4585
692535307825213440,1455,3373
692530551048294401,450,1944
692423280028966913,245,1559
692417313023332352,3723,9850
692187005137076224,877,2662
692158366030913536,851,2274
692142790915014657,423,1731
692041934689402880,1367,3589
692017291282812928,1021,3021
691820333922455552,1775,4167
691793053716221953,4504,8546
691756958957883396,1100,3050
691675652215414786,546,2053
691483041324204033,607,2506
691459709405118465,1238,4284
691444869282295808,911,2793
691416866452082688,8204,20397
691321916024623104,709,2715
691096613310316544,957,3126
691090071332753408,359,1802
690989312272396288,3084,6239
690959652130045952,1350,3781
690938899477221376,2144,4364
690932576555528194,1099,3469
690735892932222976,1376,3996
690728923253055490,555,2291
690690673629138944,856,2453
690649993829576704,302,1382
690607260360429569,17,306
690597161306841088,647,2077
690400367696297985,489,1976
690374419777196032,926,3439
690360449368465409,955,2793
690348396616552449,551,1588
690248561355657216,440,1774
690021994562220032,1111,2953
690015576308211712,793,2653
690005060500217858,1810,3866
689999384604450816,400,1507
689993469801164801,490,1550
689977555533848577,481,1443
689905486972461056,745,2570
689877686181715968,1271,3188
689835978131935233,811,2287
689661964914655233,1000,3378
689659372465688576,4173,10943
689623661272240129,693,2356
689599056876867584,5938,12265
689557536375177216,495,2161
689517482558820352,1534,3582
689289219123089408,1002,2379
689283819090870273,1192,3474
689280876073582592,772,2109
689275259254616065,264,1220
689255633275777024,1162,2702
689154315265683456,1077,3230
689143371370250240,552,2135
688916208532455424,935,2883
688908934925697024,829,2232
688898160958271489,847,2220
688894073864884227,744,2358
688828561667567616,398,1459
688804835492233216,209,1013
688789766343622656,716,2342
688547210804498433,758,2751
688519176466644993,788,2443
688385280030670848,4790,9805
688211956440801280,898,2345
688179443353796608,631,2234
688116655151435777,843,2981
688064179421470721,386,1821
687841446767013888,2713,5773
687826841265172480,1212,2884
687818504314159109,1018,2642
687807801670897665,755,2525
687732144991551489,702,1862
687704180304273409,900,2577
687664829264453632,551,2048
687494652870668288,617,2022
687480748861947905,263,1689
687476254459715584,572,2082
687460506001633280,586,2163
687399393394311168,677,1999
687317306314240000,9835,21214
687312378585812992,2040,4596
687127927494963200,2462,5766
687124485711986689,543,2287
687109925361856513,2648,6130
687102708889812993,1065,2476
687096057537363968,652,2364
686947101016735744,3419,9080
686760001961103360,1480,3712
686749460672679938,1568,3663
686730991906516992,1287,4386
686683045143953408,861,2967
686618349602762752,1461,3885
686606069955735556,583,2002
686394059078897668,730,1845
686386521809772549,946,3436
686377065986265092,601,2345
686358356425093120,734,2322
686286779679375361,1792,4227
686050296934563840,785,2328
686035780142297088,130,1219
686034024800862208,1254,3297
686007916130873345,450,2614
686003207160610816,680,1925
685973236358713344,565,2228
685943807276412928,648,1720
685906723014619143,3133,7946
685681090388975616,137,2143
685667379192414208,619,2473
685663452032069632,1573,3434
685641971164143616,837,3097
685547936038666240,16867,34789
685532292383666176,1236,3212
685325112850124800,4297,10003
685321586178670592,689,2796
685315239903100929,1161,3536
685307451701334016,475,2181
685268753634967552,1298,3274
685198997565345792,716,2466
685169283572338688,1531,4328
684969860808454144,411,2493
684959798585110529,3376,7203
684940049151070208,1124,3396
684926975086034944,504,3694
684914660081053696,1567,3695
684902183876321280,569,1986
684880619965411328,882,2215
684830982659280897,23249,37003
684800227459624960,1074,2860
684594889858887680,3804,9425
684588130326986752,1511,4347
684567543613382656,1327,3176
684538444857667585,1029,2801
684481074559381504,1256,4084
684460069371654144,596,2088
684241637099323392,3558,8610
684225744407494656,229,1307
684222868335505415,1484,4058
684200372118904832,1112,2286
684195085588783105,560,2025
684188786104872960,1260,3673
684177701129875456,725,2127
684147889187209216,1611,3144
684122891630342144,512,2103
684097758874210310,1548,4341
683857920510050305,1202,4019
683852578183077888,378,2033
683849932751646720,1057,2773
683834909291606017,1194,2768
683828599284170753,1139,2950
683773439333797890,1460,3533
683742671509258241,3577,6870
683515932363329536,3135,7773
683498322573824003,1034,3348
683481228088049664,1069,2779
683462770029932544,720,2567
683449695444799489,1731,4115
683391852557561860,2574,8037
683357973142474752,1011,3091
683142553609318400,1118,3041
683111407806746624,983,3588
683098815881154561,709,2286
683078886620553216,603,2091
683030066213818368,789,2275
682962037429899265,17972,39022
682808988178739200,193,1867
682788441537560576,1202,2610
682750546109968385,469,1607
682697186228989953,387,1387
682662431982772225,1164,3210
682638830361513985,647,2168
682429480204398592,1251,3622
682406705142087680,1902,8009
682393905736888321,737,2363
682389078323662849,503,1762
682303737705140231,1073,3254
682259524040966145,1309,4399
682242692827447297,1275,3433
682088079302213632,10658,19309
682059653698686977,1825,5242
682047327939461121,1039,3391
682032003584274432,2164,6947
682003177596559360,1646,3320
681981167097122816,1109,2932
681891461017812993,890,2602
681694085539872773,4356,13467
681679526984871937,482,1854
681654059175129088,998,2788
681610798867845120,511,2012
681579835668455424,1406,3735
681523177663676416,6260,15097
681340665377193984,300,1731
681339448655802368,4373,9781
681320187870711809,815,2797
681302363064414209,1973,4160
681297372102656000,1029,3368
681281657291280384,1184,3389
681261549936340994,296,1533
681242418453299201,583,1580
681231109724700672,520,2524
681193455364796417,1608,3914
680970795137544192,717,2562
680959110691590145,2146,4799
680940246314430465,1138,3397
680934982542561280,474,2189
680913438424612864,666,2521
680889648562991104,394,1860
680836378243002368,1429,3646
680805554198020098,713,2280
680801747103793152,893,2495
680798457301471234,1122,3016
680609293079592961,769,2780
680583894916304897,1447,3820
680497766108381184,2058,4463
680494726643068929,519,1800
680473011644985345,803,2681
680440374763077632,544,1531
680221482581123072,309,1530
680206703334408192,1262,2985
680191257256136705,542,2260
680176173301628928,1689,4110
680161097740095489,789,2439
680145970311643136,1872,3806
680130881361686529,1021,2413
680115823365742593,974,2858
680100725817409536,1470,3759
680085611152338944,9575,13470
680070545539371008,940,2709
680055455951884288,7645,17582
679877062409191424,691,2070
679872969355714560,713,2292
679862121895714818,670,2585
679854723806179328,1326,3017
679844490799091713,825,2496
679828447187857408,15092,38151
679777920601223168,1200,3246
679736210798047232,857,2199
679729593985699840,883,2277
679722016581222400,504,1740
679530280114372609,2229,5007
679527802031484928,776,2783
679511351870550016,1370,3548
679503373272485890,1592,3314
679475951516934144,686,2204
679462823135686656,20241,33383
679405845277462528,1289,2496
679158373988876288,8707,22579
679148763231985668,1105,2911
679132435750195208,1240,3113
679111216690831360,2737,6247
679062614270468097,8806,17930
679047485189439488,732,2363
679001094530465792,1322,2963
678991772295516161,1259,2438
678969228704284672,497,1721
678800283649069056,964,2699
678798276842360832,1273,3653
678774928607469569,990,2934
678767140346941444,1466,3706
678764513869611008,510,1713
678755239630127104,3541,7493
678740035362037760,1824,3939
678708137298427904,2605,5833
678675843183484930,1586,3012
678643457146150913,457,2148
678446151570427904,1680,4190
678424312106393600,2720,5670
678410210315247616,1954,4439
678399652199309312,33966,82486
678396796259975168,449,1664
678389028614488064,451,1956
678380236862578688,969,2555
678341075375947776,574,1809
678334497360859136,280,1362
678278586130948096,6496,12008
678255464182861824,398,1657
678023323247357953,412,2015
678021115718029313,6804,14402
677961670166224897,1799,3576
677918531514703872,436,1411
677895101218201600,2252,5051
677716515794329600,1033,3181
677700003327029250,1539,3553
677698403548192770,339,1282
677687604918272002,899,2589
677673981332312066,1602,3495
677662372920729601,1042,2036
677644091929329666,848,1960
677573743309385728,772,2238
677565715327688705,484,1352
677557565589463040,1242,2545
677547928504967168,3877,7232
677530072887205888,242,1121
677335745548390400,1912,3181
677334615166730240,314,1419
677331501395156992,253,1140
677328882937298944,1593,3793
677314812125323265,571,1719
677301033169788928,436,1299
677269281705472000,751,2084
677228873407442944,1742,3699
677187300187611136,985,2852
676975532580409345,1139,2895
676957860086095872,859,2307
676949632774234114,422,1359
676948236477857792,927,2270
676946864479084545,403,1779
676942428000112642,808,2162
676936541936185344,5225,13240
676916996760600576,1915,3090
676897532954456065,768,2353
676864501615042560,757,2199
676821958043033607,16612,24041
676819651066732545,705,1877
676811746707918848,450,1475
676776431406465024,2134,5204
676617503762681856,1047,3021
676613908052996102,207,1140
676606785097199616,466,1964
676603393314578432,413,1222
676593408224403456,2291,4764
676590572941893632,134,953
676588346097852417,847,2437
676582956622721024,298,1258
676575501977128964,1192,2701
676533798876651520,594,1958
676496375194980353,567,1582
676470639084101634,4955,12088
676440007570247681,706,1792
676430933382295552,364,1457
676263575653122048,581,2163
676237365392908289,312,1274
676219687039057920,32881,77867
676215927814406144,622,1809
676191832485810177,1089,2370
676146341966438401,708,1995
676121918416756736,1230,2227
676101918813499392,1227,2923
676098748976615425,1527,3128
676089483918516224,454,1372
675898130735476737,605,1701
675891555769696257,925,2219
675888385639251968,1018,2469
675878199931371520,1479,4341
675870721063669760,604,1706
675853064436391936,1373,2783
675849018447167488,161,978
675845657354215424,943,2372
675822767435051008,566,1583
675820929667219457,244,1091
675798442703122432,3580,10631
675781562965868544,502,1683
675740360753160193,366,1211
675710890956750848,874,1959
675707330206547968,735,2061
675706639471788032,103,670
675534494439489536,440,1880
675531475945709568,408,1224
675522403582218240,302,1079
675517828909424640,483,1355
675501075957489664,6136,17734
675497103322386432,1369,3253
675489971617296384,629,1349
675483430902214656,1025,1914
675432746517426176,597,1580
675372240448454658,533,1758
675362609739206656,241,1080
675354435921575936,18104,33930
675349384339542016,2379,4054
675334060156301312,1362,2875
675166823650848770,1706,3737
675153376133427200,2744,6498
675149409102012420,1773,3866
675147105808306176,253,977
675146535592706048,328,1235
675145476954566656,951,2210
675135153782571009,519,1341
675113801096802304,822,2016
675111688094527488,266,996
675109292475830276,1192,2886
675047298674663426,343,1098
675015141583413248,1263,2805
675006312288268288,237,1011
675003128568291329,499,1599
674999807681908736,1156,2322
674805413498527744,370,886
674800520222154752,903,3101
674793399141146624,1147,2584
674790488185167872,266,1141
674788554665512960,219,837
674781762103414784,1268,2068
674774481756377088,499,1167
674767892831932416,836,1887
674764817387900928,249,809
674754018082705410,469,1403
674752233200820224,487,1505
674743008475090944,582,1446
674742531037511680,54,503
674739953134403584,416,1146
674737130913071104,96,665
674690135443775488,489,1184
674670581682434048,688,1663
674664755118911488,266,950
674646392044941312,526,1485
674644256330530816,283,1063
674638615994089473,608,1733
674632714662858753,604,1546
674606911342424069,103,964
674468880899788800,2160,6413
674447403907457024,373,1091
674436901579923456,414,1146
674422304705744896,558,1473
674416750885273600,147,704
674410619106390016,485,1231
674394782723014656,600,1543
674372068062928900,324,870
674330906434379776,76,575
674318007229923329,537,1454
674307341513269249,7271,11652
674291837063053312,6169,15174
674271431610523648,763,1612
674269164442398721,238,922
674265582246694913,887,1682
674262580978937856,478,1340
674255168825880576,584,1511
674082852460433408,179,775
674075285688614912,301,1005
674063288070742018,2328,6540
674053186244734976,1362,3418
674051556661161984,504,1485
674045139690631169,668,1462
674042553264685056,134,741
674038233588723717,429,1127
674036086168010753,226,867
674024893172875264,1286,1831
674019345211760640,312,1168
674014384960745472,675,1606
674008982932058114,368,1233
673956914389192708,1006,2001
673919437611909120,383,1199
673906403526995968,1689,3276
673887867907739649,262,956
673716320723169284,794,3147
673715861853720576,2181,3631
673711475735838725,309,1064
673709992831262724,284,872
673708611235921920,300,1103
673707060090052608,405,1127
673705679337693185,413,1289
673700254269775872,595,1477
673697980713705472,2044,3907
673689733134946305,677,1781
673688752737402881,518,1296
673686845050527744,455,1483
673680198160809984,485,1408
673662677122719744,375,1280
673656262056419329,253,735
673636718965334016,379,1142
673612854080196609,750,1624
673583129559498752,383,1222
673580926094458881,276,852
673576835670777856,584,1420
673363615379013632,319,1046
673359818736984064,697,1485
673355879178194945,606,1527
673352124999274496,560,1687
673350198937153538,222,758
673345638550134785,1330,2588
673343217010679808,280,997
673342308415348736,611,1302
673320132811366400,8275,13795
673317986296586240,271,887
673295268553605120,3291,7698
673270968295534593,384,1090
673240798075449344,760,1452
673213039743795200,881,2305
673148804208660480,655,1734
672997845381865473,749,2009
672995267319328768,309,977
672988786805112832,303,1002
672984142909456390,563,1278
672980819271634944,1037,1850
672975131468300288,950,1723
672970152493887488,369,972
672968025906282496,568,1340
672964561327235073,663,1456
672902681409806336,525,1392
672898206762672129,436,912
672884426393653248,856,1587
672877615439593473,381,1054
672834301050937345,590,1344
672828477930868736,508,1277
672640509974827008,334,994
672622327801233409,514,1322
672614745925664768,606,1247
672609152938721280,401,1141
672604026190569472,418,1139
672594978741354496,625,1356
672591762242805761,345,972
672591271085670400,193,746
672538107540070400,382,1051
672523490734551040,178,657
672488522314567680,452,1139
672482722825261057,628,1161
672481316919734272,128,730
672475084225949696,725,1465
672466075045466113,559,1384
672272411274932228,3510,6598
672267570918129665,635,1534
672264251789176834,352,1173
672256522047614977,1610,2874
672254177670729728,765,1464
672248013293752320,631,1762
672245253877968896,162,701
672239279297454080,330,915
672231046314901505,1048,1879
672222792075620352,218,804
672205392827572224,1196,2313
672169685991993344,382,1044
672160042234327040,371,884
672139350159835138,742,1786
672125275208069120,1183,2460
672095186491711488,379,1019
672082170312290304,377,960
672068090318987265,532,1324
671896809300709376,4302,8637
671891728106971137,585,1359
671882082306625538,1420,3545
671879137494245376,712,1450
671874878652489728,577,1275
671866342182637568,517,1150
671855973984772097,468,927
671789708968640512,3607,7211
671768281401958400,543,1220
671763349865160704,956,1715
671744970634719232,797,1376
671743150407421952,238,757
671735591348891648,781,1477
671729906628341761,4510,8686
671561002136281088,7472,13114
671550332464455680,214,936
671547767500775424,614,1379
671544874165002241,1084,2029
671542985629241344,587,1111
671538301157904385,411,942
671536543010570240,422,1203
671533943490011136,599,1041
671528761649688577,265,856
671520732782923777,542,1424
671518598289059840,302,971
671511350426865664,749,1644
671504605491109889,3657,7192
671497587707535361,461,937
671488513339211776,486,1033
671486386088865792,212,595
671485057807351808,239,779
671390180817915904,759,1448
671362598324076544,301,1135
671357843010908160,151,408
671355857343524864,117,489
671347597085433856,442,984
671186162933985280,219,753
671182547775299584,356,1151
671166507850801152,365,891
671163268581498880,1143,1694
671159727754231808,84,384
671154572044468225,226,739
671151324042559489,159,689
671147085991960577,235,689
671141549288370177,675,1194
671138694582165504,418,952
671134062904504320,199,768
671122204919246848,2607,3573
671115716440031232,799,1388
671109016219725825,455,1171
670995969505435648,301,1128
670842764863651840,9038,25085
670840546554966016,201,608
670838202509447168,721,1139
670833812859932673,128,462
670832455012716544,226,750
670826280409919488,4199,5673
670823764196741120,198,795
670822709593571328,99,627
670815497391357952,1594,3244
670811965569282048,277,1157
670807719151067136,504,1177
670804601705242624,987,2011
670803562457407488,89,348
670797304698376195,244,750
670792680469889025,287,852
670789397210615808,248,677
670786190031921152,207,612
670783437142401025,408,833
670782429121134593,799,1604
670780561024270336,297,798
670778058496974848,74,336
670764103623966721,437,1097
670755717859713024,116,453
670733412878163972,528,987
670727704916926465,373,846
670717338665226240,512,1239
670704688707301377,383,780
670691627984359425,252,601
670679630144274432,295,765
670676092097810432,45,258
670668383499735048,5220,10966
670474236058800128,789,1567
670468609693655041,87,358
670465786746662913,573,989
670452855871037440,215,560
670449342516494336,695,1219
670444955656130560,2047,6859
670442337873600512,204,658
670435821946826752,536,1074
670434127938719744,668,1437
670433248821026816,117,334
670428280563085312,654,1412
670427002554466305,170,529
670421925039075328,659,1338
670420569653809152,327,639
670417414769758208,332,581
670411370698022913,933,2075
670408998013820928,233,569
670403879788544000,163,443
670385711116361728,220,576
670374371102445568,277,759
670361874861563904,69,337
670338931251150849,114,436
670319130621435904,1270,3940
670303360680108032,139,435
670290420111441920,298,722
670093938074779648,349,1052
670086499208155136,262,713
670079681849372674,1286,2269
670073503555706880,817,1604
670069087419133954,252,647
670061506722140161,353,785
670055038660800512,342,684
670046952931721218,181,660
670040295598354432,115,768
670037189829525505,288,600
670003130994700288,96,341
669993076832759809,87,332
669972011175813120,168,455
669970042633789440,63,307
669942763794931712,173,521
669926384437997569,108,385
669923323644657664,59,242
669753178989142016,417,832
669749430875258880,67,278
669684865554620416,91,533
669683899023405056,114,397
669682095984410625,137,361
669680153564442624,299,682
669661792646373376,455,821
669625907762618368,1870,3609
669603084620980224,377,963
669597912108789760,156,522
669583744538451968,960,1520
669573570759163904,147,446
669571471778410496,1050,1616
669567591774625800,59,240
669564461267722241,128,395
669393256313184256,79,375
669375718304980992,754,1367
669371483794317312,187,507
669367896104181761,164,473
669363888236994561,237,640
669359674819481600,127,376
669354382627049472,1309,2772
669353438988365824,266,659
669351434509529089,194,449
669328503091937280,431,1032
669327207240699904,120,586
669324657376567296,214,505
669216679721873412,414,1210
669214165781868544,177,449
669203728096960512,495,1025
669037058363662336,323,676
669015743032369152,384,755
669006782128353280,260,590
669000397445533696,6583,21311
668994913074286592,241,452
668992363537309700,358,759
668989615043424256,338,695
668988183816871936,488,918
668986018524233728,173,565
668981893510119424,317,551
668979806671884288,357,811
668975677807423489,602,1330
668967877119254528,25,149
668960084974809088,246,723
668955713004314625,74,285
668932921458302977,59,272
668902994700836864,104,325
668892474547511297,155,407
668872652652679168,308,542
668852170888998912,171,462
668826086256599040,142,445
668815180734689280,280,583
668779399630725120,382,716
668655139528511488,225,542
668645506898350081,557,916
668643542311546881,546,900
668641109086707712,556,1095
668636665813057536,503,1065
668633411083464705,1705,2882
668631377374486528,326,736
668627278264475648,118,326
668625577880875008,138,397
668623201287675904,803,1473
668620235289837568,44,207
668614819948453888,322,622
668587383441514497,1112,1700
668567822092664832,57,251
668544745690562560,236,533
668542336805281792,223,473
668537837512433665,78,257
668528771708952576,232,473
668507509523615744,111,333
668496999348633600,135,421
668484198282485761,242,435
668480044826800133,153,472
668466899341221888,529,901
668297328638447616,307,632
668291999406125056,32,250
668286279830867968,142,517
668274247790391296,236,842
668268907921326080,243,562
668256321989451776,636,1334
668248472370458624,502,1014
668237644992782336,2933,6337
668226093875376128,106,304
668221241640230912,203,518
668204964695683073,200,563
668190681446379520,200,665
668171859951755264,201,504
668154635664932864,325,507
668142349051129856,295,576
668113020489474048,252,678
667937095915278337,816,1292
667924896115245057,114,307
667915453470232577,58,214
667911425562669056,311,498
667902449697558528,385,862
667886921285246976,1119,1919
667885044254572545,502,834
667878741721415682,122,399
667873844930215936,417,640
667866724293877760,1058,3053
667861340749471744,79,244
667832474953625600,63,292
667806454573760512,512,1070
667801013445750784,97,335
667793409583771648,336,710
667782464991965184,249,419
667773195014021121,58,239
667766675769573376,222,449
667728196545200128,152,379
667724302356258817,326,492
667550904950915073,35,0
667550882905632768,33,0
667549055577362432,2334,5880
667546741521195010,127,338
667544320556335104,535,880
667538891197542400,67,209
667534815156183040,551,829
667530908589760512,245,478
667524857454854144,1134,1724
667517642048163840,196,373
667509364010450944,2174,6866
667502640335572993,224,538
667495797102141441,279,529
667491009379606528,232,539
667470559035432960,100,259
667455448082227200,60,194
667453023279554560,91,318
667443425659232256,592,791
667437278097252352,242,453
667435689202614272,84,308
667405339315146752,221,473
667393430834667520,58,197
667369227918143488,167,370
667211855547486208,245,498
667200525029539841,265,621
667192066997374976,109,389
667188689915760640,423,753
667182792070062081,6309,14462
667177989038297088,55,192
667176164155375616,468,613
667174963120574464,84,247
667171260800061440,91,223
667165590075940865,1161,2716
667160273090932737,62,260
667152164079423490,17402,48243
667138269671505920,2250,4657
667119796878725120,128,331
667090893657276420,129,337
667073648344346624,124,408
667070482143944705,14,84
667065535570550784,48,167
667062181243039745,55,219
667044094246576128,51,185
667012601033924608,226,451
666996132027977728,96,247
666983947667116034,994,2568
666837028449972224,559,826
666835007768551424,80,217
666826780179869698,97,255
666817836334096384,254,521
666804364988780544,94,242
666786068205871104,488,763
666781792255496192,199,388
666776908487630848,175,351
666739327293083650,66,237
666701168228331520,219,433
666691418707132416,47,188
666649482315059201,628,1117
666644823164719104,83,232
666454714377183233,208,519
666447344410484738,20,104
666437273139982337,48,124
666435652385423360,53,165
666430724426358785,197,316
666428276349472768,83,165
666421158376562688,111,315
666418789513326592,45,123
666411507551481857,323,440
666407126856765440,40,106
666396247373291520,84,167
666373753744588802,92,186
666362758909284353,564,769
666353288456101888,71,218
666345417576210432,133,291
666337882303524864,90,197
666293911632134144,352,494
666287406224695296,64,146
666273097616637952,76,174
666268910803644416,35,102
666104133288665088,6489,14168
666102155909144576,12,80
666099513787052032,67,153
666094000022159362,72,163
666082916733198337,44,116
666073100786774016,162,319
666071193221509120,59,144
666063827256086533,215,471
666058600524156928,57,111
666057090499244032,141,294
666055525042405380,245,431
666051853826850816,841,1206
666050758794694657,59,131
666049248165822465,40,107
666044226329800704,139,295
666033412701032449,44,125
666029285002620928,47,128
666020888022790149,508,2544
